# Gait Table created by Hormodular [https://github.com/David-Estevez/hormodular.git]
# name: gaitTable
# type: matrix
# rows: 1
# columns: 2 
0 0.841015
1 1.26509 
2 1.30367 
