# Gait Table created by Hormodular [https://github.com/David-Estevez/hormodular.git]
# name: gaitTable
# type: matrix
# rows: 3
# columns: 3
30 0 0 
30 0 -90 
30 0 0
