# Gait Table created by Hormodular [https://github.com/David-Estevez/hormodular.git]
# name: gaitTable
# type: matrix
# rows: 3
# columns: 3
45 0 0 
45 0 -90 
45 0 180
