# Gait Table created by Hormodular [https://github.com/David-Estevez/hormodular.git]
# name: gaitTable
# type: matrix
# rows: 9
# columns: 4
31464 35.3904   2.38542  25.3006
80628 41.2825 -1.39142   109.505
80339 49.856  1.08914 104.683
80917 50.3834 -1.9053  -113.127
83523 33.0095 -1.46036 89.9777
83522 55.4538 2.05008 -59.7448
83524 23.3739 4.62263 50.34
80050 21.7126  1.89315 -74.2349
83521 50.6318  2.82705  34.7823
