# Gait Table created by Hormodular [https://github.com/David-Estevez/hormodular.git]
# name: gaitTable
# type: matrix
# rows: 7
# columns: 4
31466 15.0855  1.27639   -62.9673
80628 15.3477  4.34397   -25.2925
80339 44.597   5.51228    -4.92618
80917 37.4482 -4.85286  -152.436
83523 21.172   1.71224   -34.8603
83522 26.1695 -1.13581  -164.341
83524 26.7267 -0.782428 -136.874
