# Gait Table created by Hormodular [https://github.com/David-Estevez/hormodular.git]
# name: gaitTable
# type: matrix
# rows: 11
# columns: 4
31466 29.8887  -3.1718     37.014
80628 51.7769  -0.877041 -103.457
80339 41.0542   0.449104   74.1633
80917 21.1272   1.07243  -105.262
70056 53.6878   1.16845	  132.031
82651 8.73701   0.35791   -16.0939
83229 15.3809  -3.87979    35.5935
83523 43.5659   1.30554    -7.39562
83524 18.3242   3.01675     1.43993
83521 6.09408   2.4281    -32.247
83522 0.716938 -2.91765   -15.8894
